   7.2000000e+01
   1.0200000e+02
   8.6000000e+01
   1.0200000e+02
   7.7000000e+01
   1.0500000e+02
   6.5000000e+01
   9.9000000e+01
   1.0000000e+02
   1.1400000e+02
   8.9000000e+01
   9.8000000e+01
   6.0000000e+01
   1.0400000e+02
   8.5000000e+01
   1.0700000e+02
   1.1400000e+02
   7.5000000e+01
   1.0400000e+02
   9.8000000e+01
   1.0400000e+02
   1.1000000e+02
   8.2000000e+01
   7.6000000e+01
   7.8000000e+01
   9.0000000e+01
   9.2000000e+01
   8.6000000e+01
   5.7000000e+01
   1.0100000e+02
   9.4000000e+01
   9.6000000e+01
   9.7000000e+01
   6.4000000e+01
   1.1000000e+02
   9.0000000e+01
   9.4000000e+01
   9.3000000e+01
   9.8000000e+01
   8.2000000e+01
   9.7000000e+01
   6.9000000e+01
   9.9000000e+01
   9.1000000e+01
   7.7000000e+01
   8.4000000e+01
   7.7000000e+01
   1.1200000e+02
   9.5000000e+01
   1.0300000e+02
