   1.0100000e+02
   7.9000000e+01
   7.7000000e+01
   7.2000000e+01
   1.0700000e+02
   9.2000000e+01
   6.7000000e+01
   1.3800000e+02
   1.1600000e+02
   1.0400000e+02
   8.0000000e+01
   8.2000000e+01
   1.2200000e+02
   5.4000000e+01
   9.7000000e+01
   6.3000000e+01
   1.0900000e+02
   1.0400000e+02
   9.6000000e+01
   1.0200000e+02
   1.1700000e+02
   1.2000000e+02
   1.1900000e+02
   1.0500000e+02
   9.5000000e+01
   7.8000000e+01
   1.1600000e+02
   9.4000000e+01
   1.2500000e+02
   1.0600000e+02
   1.1800000e+02
   7.9000000e+01
   9.5000000e+01
   1.2000000e+02
   1.0400000e+02
   7.3000000e+01
   1.1600000e+02
   6.9000000e+01
   1.2800000e+02
   7.3000000e+01
   9.8000000e+01
   1.0400000e+02
   8.7000000e+01
   1.0500000e+02
   9.8000000e+01
   7.2000000e+01
   8.1000000e+01
   1.0600000e+02
   6.8000000e+01
   8.0000000e+01
